ModelType=OMNI
L1=133.350000
L2=133.350000
L3=0.000000
CardType=LAN
Channel=0
Extra6DOFOption=0
Reduction1=0.134030
Reduction2=0.132996
Reduction3=0.132820
Reduction4=1.000000
Reduction5=0.000000
Reduction6=0.000000
HighForce=0
Gimbal=1
ReverseHandle=0
NominalMaxStiffness=0.500000
NominalMaxDamping=0.003000
NominalMaxForce=3.300000
NominalMaxContinuousForce=0.880000
NominalMaxTorqueStiffness=0.000000
NominalMaxTorqueDamping=0.000000
NominalMaxTorqueForce=0.000000
NominalMaxTorqueContinuousForce=0.000000
ResetAngle0=0.000000
ResetAngle1=0.000000
ResetAngle2=0.000000
ResetAngle3=-2.617994
ResetAngle4=4.188790
ResetAngle5=-2.617994
WorkspaceOffset0=0.000000
WorkspaceOffset1=-110.000000
WorkspaceOffset2=-35.000000
EPPDevice=0
1394SerialNumber=32
SoftwareInterrupt=0
Niobe3Button=0
HostName=ep14019000415.local
SafetyKey=203529ae9221541c229b4cb48d95019d
ConfigOption=0
FilterGimbalSize=0
